0.208958
0.582788
0.339870
0.422718
0.094446
-0.033562
0.372742
0.726917
0.218772
0.748669
0.567804
0.472382
0.553858
0.090503
0.327725
0.091087
0.283760
0.303945
0.355257
-0.009918
0.903667
0.251527
0.455675
0.142219
0.128210
0.288716
0.159227
0.204995
0.226532
0.154651
0.036435
0.334261
0.212899
0.541883
0.752921
0.276275
0.254715
0.658706
0.278952
0.378547
0.212489
-0.012105
0.205451
0.422771
0.350769
0.427892
0.821308
0.078583
0.340359
0.216260
0.269885
0.353029
0.032957
0.253854
0.285178
0.806440
0.465155
0.125440
0.541935
0.616191
0.409702
0.573960
0.575339
0.425633
0.529039
0.379543
0.526014
0.261558
0.599043
0.243298
0.319302
0.068660
0.436608
0.387981
0.421068
0.227676
0.605414
0.938246
0.271051
-0.023164
0.607149
0.273554
0.546971
0.214306
0.661857
0.210853
0.315098
0.439176
0.214602
0.877812
0.075488
0.589171
0.549756
0.308040
0.247747
0.528043
0.242192
0.575113
0.643232
0.194404
0.496555
0.347362
0.094574
0.097402
0.245641
0.409653
0.273134
0.130626
0.320925
0.280700
0.256990
0.340697
0.645474
0.453832
0.253075
0.627331
0.601948
0.243499
0.833520
0.306875
-0.047239
0.249238
0.079767
0.327617
0.495815
0.680527
0.329165
0.207202
0.107775
0.142954
0.451947
0.365559
0.652394
0.587646
0.124053
0.054203
0.537072
0.485439
0.426229
0.401624
0.300671
0.257393
0.688840
0.522170
0.290707
0.415544
0.048934
0.209318
0.183483
0.448722
0.563054
0.739554
0.464474
0.699694
0.879774
0.350086
0.196949
0.245942
0.524828
0.133477
0.530598
0.394185
0.525929
0.122406
0.261662
0.458829
0.581589
0.101889
0.579843
0.330174
0.063319
0.298311
0.833052
0.160166
0.991655
0.823172
0.788650
0.501585
0.044531
0.419379
0.536594
0.968707
0.281857
-0.010961
0.201526
0.344450
0.078044
0.491099
0.404180
0.063916
0.322334
0.578568
0.398094
0.104217
0.454131
0.102244
0.338603
0.964456
0.284890
0.312346
0.173320
0.439569
0.176907
0.098507
0.269365
0.363798
0.203359
0.307746
0.493759
0.256545
0.529169
0.288590
0.224400
0.489402
0.463260
0.068603
0.171054
0.564937
0.559844
0.235661
0.704834
0.887607
0.171250
0.059586
0.529467
0.529477
0.217065
0.831003
0.395007
0.257479
0.586187
0.231909
0.525910
0.727700
0.572472
0.309221
0.519198
0.859531
0.002316
0.317468
0.108823
0.036067
0.591319
0.744478
0.401148
0.836156
0.283202
0.527112
0.450211
0.653706
0.642396
0.478449
0.214767
0.471569
0.276924
0.799473
0.468190
0.306022
0.143136
0.435085
0.556415
0.492596
0.056172
0.494321
0.073519
0.505924
0.765728
0.063081
0.276059
0.460712
0.202122
0.194104
0.050806
0.055306
0.703465
0.090631
0.353661
0.293201
0.071839
0.193485
0.193109
0.244350
0.745844
0.202001
0.703969
0.318331
0.291111
0.195489
0.625220
0.247876
0.471902
0.152141
0.527002
0.275589
0.582933
0.159247
0.518842
0.038446
-0.016352
0.346713
0.173424
0.209993
0.539826
0.295563
0.321717
0.139021
0.577185
0.792076
0.300211
0.101626
0.442136
0.572336
0.241345
0.314469
0.006951
0.548493
0.452752
0.447504
0.341432
0.616620
0.499098
0.326064
0.383963
0.450849
0.681632
0.287081
0.034187
0.242192
0.569504
0.882391
0.230075
0.518618
0.272542
0.264169
0.043648
0.000757
0.198652
0.626457
0.663805
0.493773
0.493902
0.583836
0.310785
0.982750
0.219006
0.616140
0.129056
0.333730
0.243131
0.671587
0.092149
0.257033
0.253772
0.562079
0.248277
0.353626
0.417480
0.785262
0.245932
0.453781
0.539047
0.686628
0.310011
0.466478
0.219945
0.598066
0.692318
0.334407
0.228392
0.520670
0.199263
0.280555
0.269164
0.371404
0.343984
0.590259
-0.007698
0.990832
-0.004535
0.510859
0.225667
0.315456
1.043271
0.427280
0.541339
0.810612
0.308046
0.315641
0.671129
-0.028294
0.833663
0.409711
0.559233
0.454830
0.686861
0.489472
0.130812
0.057249
0.221790
0.240067
0.330214
0.022473
0.075352
0.331626
0.437738
0.147619
0.740768
0.283194
0.741077
0.212496
0.563589
0.470463
0.169729
0.105770
0.115600
0.750170
0.621656
0.473158
0.705645
0.242842
0.667916
0.582366
0.623685
0.225163
0.274623
0.672046
0.112809
0.307714
0.040698
0.096740
0.383042
0.300465
0.210646
0.271593
0.177355
0.667056
0.252249
0.005767
0.434072
0.595719
0.054210
0.224393
0.604842
0.363812
0.286404
0.244171
0.336586
0.443886
0.382327
0.407515
0.491383
0.314149
0.370312
0.058425
0.189123
0.433040
0.487368
0.790446
0.479148
0.017512
0.033803
0.445488
0.330531
0.534417
0.400279
0.467318
0.036122
0.053771
0.507546
0.880831
0.091417
0.600378
0.398513
0.555902
0.180499
0.390992
0.258695
0.525228
0.417505
0.401743
0.656580
0.757542
0.240441
0.511972
0.564358
0.617055
0.507885
0.310034
0.599306
0.143763
0.010743
0.457536
0.809807
0.517301
-0.021362
0.066032
0.723205
0.259322
0.800598
0.906660
0.513102
0.250885
0.128431
0.336574
0.007139
0.184130
-0.022849
0.079296
0.409186
0.298084
0.311215
0.279868
0.172406
0.466131
0.777357
0.220486
0.261558
0.497975
0.365110
0.405400
0.792680
0.399336
0.415643
0.531529
0.089404
0.764640
0.141349
0.205398
0.453905
0.514324
0.261288
0.297981
0.506747
0.425062
0.229640
0.371639
0.806995
0.579314
0.406185
0.128460
-0.012683
0.327469
0.455667
0.291091
0.274589
0.309716
0.267997
0.639808
0.128819
0.484718
0.332107
0.788196
0.335243
0.511248
0.209299
0.474601
0.124003
0.556951
0.496380
0.178547
0.637881
0.503672
0.583938
0.190038
0.091453
0.410998
0.369466
0.833462
0.680803
0.019302
0.510137
0.478184
0.235205
0.318832
0.090121
0.613688
0.811289
0.498016
0.210727
0.377121
-0.010971
0.282781
0.571675
0.449836
0.742059
0.480965
0.632912
0.181226
0.166022
0.367571
0.552671
-0.002038
0.648905
0.152141
0.545922
0.180708
0.305784
0.022555
0.337972
0.121715
0.103064
0.762487
0.240044
0.377296
0.340914
0.313248
0.274947
0.270100
0.293035
0.700830
0.766087
0.486388
0.359039
0.596962
0.776394
0.515539
0.361236
0.954703
0.431882
0.511147
0.394262
0.524618
0.490192
0.511009
0.351411
0.270526
0.218950
0.950764
0.612662
0.570930
0.422179
0.833091
0.276887
0.215930
0.332462
0.810694
0.463216
0.742298
0.404015
0.441352
-0.000527
0.557244
0.763294
0.091260
0.382914
0.316906
0.734812
0.520704
0.484955
0.627420
0.561768
0.948417
0.254256
0.305280
0.121289
0.229036
0.486476
0.402705
0.695218
0.589801
0.099382
0.346705
0.345356
0.437882
0.381941
0.081266
0.279116
0.575952
0.593192
0.469047
0.712309
0.677715
0.672875
0.242282
0.681530
0.472598
0.077749
0.250954
0.006296
0.618005
0.316425
0.339936
0.401104
0.311090
0.078222
0.389773
0.764114
-0.004199
0.504808
0.759662
0.196410
0.203541
0.090254
0.650592
0.793194
0.430322
0.448635
0.037992
0.567679
0.660010
0.337754
0.293715
0.025966
0.251328
0.489549
0.257173
0.350764
0.876440
0.365156
0.122545
0.465398
0.205434
0.482171
0.162628
0.725795
0.228955
0.157852
0.597513
0.256802
0.220365
0.273846
0.014105
0.551812
0.121242
0.524944
0.050945
0.444016
0.251174
0.261693
0.877490
0.190412
0.328855
0.500672
0.661032
0.683118
0.473817
0.074330
0.262173
-0.018448
0.550301
0.288352
0.679641
0.504448
0.355526
0.126962
0.076295
0.432633
0.670883
0.038030
0.451145
0.383934
0.538669
0.560551
0.385147
0.117022
0.237832
-0.011204
0.498203
0.853501
0.117871
0.537680
0.790266
0.122434
0.793178
0.518173
0.380225
0.577185
0.417982
0.354936
0.170064
0.657662
0.221424
0.806421
0.286298
0.734994
0.170947
0.120471
0.265998
0.316293
0.025154
0.460975
0.203187
0.152890
0.859791
0.349893
0.269012
0.074592
0.142096
0.708983
0.245068
0.407864
0.710322
0.523181
0.007580
0.021787
0.408496
0.172426
0.624393
0.441266
0.476915
0.355851
0.456560
0.332197
-0.005957
0.105919
0.109875
0.225785
0.604269
0.422415
0.220082
0.422889
0.348436
0.631565
0.019993
0.521355
0.580809